'hPhones','aPhones','hSon','aSon','levDist','featDist','phoneLev', 'simScore','maxLen','freq'
'∅', 'a', [0], [9], 1, 7.25, 1, 7.25, 1, 1

'a a b u i', 'ə p o ɾ', [9, 9, 2, 8, 8], [9, 1, 9, 6], 6, 11.5, 5, 1.2777777777777777, 5, 1

'a b eː', 'p e', [9, 2, 9, 9], [1, 9], 4, 7.625, 3, 1.2708333333333333, 3, 1

'a b eː', 'ə p ə', [9, 2, 9, 9], [9, 1, 9], 4, 1.375, 3, 0.22916666666666666, 3, 1

'a b ɛ a', 'ə v e', [9, 2, 9, 9], [9, 4, 9], 5, 8.5625, 4, 1.2232142857142858, 4, 1

'a b', 'ə p', [9, 2], [9, 1], 2, 0.75, 2, 0.25, 2, 1

'a j', '∅', [9, 7], [0], 3, 14.5, 2, 4.833333333333333, 2, 1

'a j', 'ə i', [9, 7], [9, 8], 2, 1.8125, 2, 0.6041666666666666, 2, 1

'a l', 'ɔ m', [9, 6], [9, 5], 2, 2.4375, 2, 0.8125, 2, 1

'a m b e a', 'n v ə ə', [9, 5, 2, 9, 9], [5, 4, 9, 9], 6, 9.375, 5, 1.0416666666666667, 5, 1

'a m ə', 'ɐ', [9, 5, 9], [9], 5, 14.625, 3, 2.925, 3, 1

'a m', '∅', [9, 5], [0], 3, 14.5, 2, 4.833333333333333, 2, 1

'a m', 'ɛ', [9, 5], [9], 3, 7.625, 2, 2.5416666666666665, 2, 1

'a n ə', 'ɐ l o', [9, 5, 9], [9, 6, 9], 3, 1.875, 3, 0.375, 3, 1

'a ŋ ɡ', '∅', [9, 5, 2], [0], 5, 21.75, 3, 4.35, 3, 1

'a t', 'w ə t͡ʃ', [9, 1], [7, 9, 1], 5, 8.5, 3, 1.2142857142857142, 2, 1

'a y i', 'ɐ d u', [9, 8, 8], [9, 2, 8], 3, 6.0, 3, 1.2, 3, 1

'a', '∅', [9], [0], 1, 7.25, 1, 7.25, 1, 2

'a', 'ɐ', [9], [9], 1, 0.5, 1, 0.5, 1, 6

'a', 'ɔ', [9], [9], 1, 0.875, 1, 0.875, 1, 2

'a', 'ə', [9], [9], 1, 0.625, 1, 0.625, 1, 19

'a', 'ɛ', [9], [9], 1, 0.375, 1, 0.375, 1, 3

'a', 'o', [9], [9], 1, 0.75, 1, 0.75, 1, 2

'a', 'u', [9], [8], 1, 1.25, 1, 1.25, 1, 2

'aː', 'ɛ', [9, 9], [9], 2, 0.625, 1, 0.3125, 1, 1

'aː', 'a ɐ', [9, 9], [9, 9], 2, 7.5, 2, 2.5, 1, 1

'aː', 'ə', [9, 9], [9], 2, 0.875, 1, 0.4375, 1, 2

'æː', 'a', [9, 9], [9], 2, 0.25, 1, 0.125, 1, 1

'∅', 'b e', [0], [2, 9], 3, 14.5, 2, 4.833333333333333, 1, 1

'b a j i', 'p ɛ ɡ ə', [2, 9, 7, 8], [1, 9, 2, 9], 4, 3.875, 4, 0.5535714285714286, 4, 1

'b a', 'p ə', [2, 9], [1, 9], 2, 0.75, 2, 0.25, 2, 1

'b ə', '∅', [2, 9], [0], 3, 14.5, 2, 4.833333333333333, 2, 1

'b ɛ', 'p i', [2, 9], [1, 8], 2, 0.5, 2, 0.16666666666666666, 2, 1

'b ɛː', 'l v e r i', [2, 9, 9], [6, 4, 9, 6, 8], 8, 22.6875, 5, 2.5208333333333335, 2, 1

'b i', 'd j', [2, 8], [2, 7], 2, 1.75, 2, 0.5833333333333334, 2, 1

'b', 'p', [2], [1], 1, 0.125, 1, 0.125, 1, 3

'b', 'ə p i j', [2], [9, 1, 8, 7], 7, 21.875, 4, 3.125, 1, 1

'k', 'p', [1], [1], 1, 1.0, 1, 1.0, 1, 1

'm b ɛː ɛ', 'b e e', [5, 2, 9, 9, 9], [2, 9, 9], 5, 7.75, 3, 0.96875, 4, 1

'ɔ a', 'ɡ w ə', [9, 9], [2, 7, 9], 4, 9.5625, 3, 1.9125, 2, 1

'ɔ j', 'o i', [9, 7], [9, 8], 2, 1.3125, 2, 0.4375, 2, 1

'ɔ', '∅', [9], [0], 1, 7.25, 1, 7.25, 1, 1

'ɔ', 'a', [9], [9], 1, 0.875, 1, 0.875, 1, 1

'ɔ', 'o', [9], [9], 1, 0.125, 1, 0.125, 1, 1

'ɔː w i', 'o v', [9, 9, 7, 8], [9, 4], 5, 10.6875, 3, 1.78125, 3, 1

'∅', 'd', [0], [2], 1, 7.25, 1, 7.25, 1, 1

'd u i j e', 'd͡ʒ', [2, 8, 8, 7, 9], [2], 8, 29.625, 5, 3.2916666666666665, 5, 1

'd z', 'd͡ʒ', [2, 4], [2], 2, 7.875, 2, 2.625, 2, 1

'd', 'ɾ', [2], [6], 1, 2.0, 1, 2.0, 1, 1

'd͡z i', 't͡s e', [2, 8], [1, 9], 3, 0.375, 2, 0.075, 2, 1

'd͡ʒ i j', '∅', [2, 8, 7], [0], 7, 21.75, 3, 3.107142857142857, 3, 1

'd͡ʒ', 's', [2], [3], 3, 1.25, 1, 0.4166666666666667, 1, 1

'∅', 'e', [0], [9], 1, 7.25, 1, 7.25, 1, 1

'e j', 'a n o', [9, 7], [9, 5, 9], 4, 9.4375, 3, 1.8875, 2, 1

'ə m m i', 'a', [9, 5, 5, 8], [9], 7, 22.25, 4, 3.1785714285714284, 4, 1

'e m', '∅', [9, 5], [0], 3, 14.5, 2, 4.833333333333333, 2, 1

'ə m', 'ɛ v', [9, 5], [9, 4], 2, 2.0625, 2, 0.6875, 2, 1

'ə m', 'o', [9, 5], [9], 3, 7.625, 2, 2.5416666666666665, 2, 1

'e n', 'ə', [9, 5], [9], 3, 7.625, 2, 2.5416666666666665, 2, 1

'e nː', 'i d', [9, 5, 5], [8, 2], 3, 1.75, 2, 0.4375, 2, 1

'e t w', 'ə k t ə', [9, 1, 7], [9, 1, 1, 9], 4, 9.5625, 3, 1.3660714285714286, 3, 1

'ə w u', 'o o', [9, 7, 8], [9, 9], 4, 8.125, 3, 1.625, 3, 1

'e z', 'ə t͡s', [9, 4], [9, 1], 4, 1.25, 2, 0.25, 2, 1

'e', '∅', [9], [0], 1, 7.25, 1, 7.25, 1, 1

'ə', '∅', [9], [0], 1, 7.25, 1, 7.25, 1, 1

'e', 'ɐ', [9], [9], 1, 0.25, 1, 0.25, 1, 1

'ə', 'a', [9], [9], 1, 0.625, 1, 0.625, 1, 1

'ə', 'ɐ', [9], [9], 1, 0.125, 1, 0.125, 1, 1

'ə', 'e', [9], [9], 1, 0.375, 1, 0.375, 1, 1

'ə', 'e', [9], [9], 1, 0.375, 1, 0.375, 1, 2

'ə', 'ɛ', [9], [9], 1, 0.25, 1, 0.25, 1, 1

'ə', 'o', [9], [9], 1, 0.375, 1, 0.375, 1, 2

'ə', 'u', [9], [8], 1, 0.875, 1, 0.875, 1, 2

'ɛ', 'ə', [9], [9], 1, 0.25, 1, 0.25, 1, 1

'ɛː h a v', 'i o', [9, 9, 6, 9, 4], [8, 9], 7, 15.875, 4, 1.984375, 4, 1

'f u', 's i', [3, 8], [3, 8], 2, 1.375, 2, 0.4583333333333333, 2, 1

'∅', 'ɡ o', [0], [2, 9], 3, 14.5, 2, 4.833333333333333, 1, 1

'∅', 'ɡ', [0], [2], 1, 7.25, 1, 7.25, 1, 2

'∅', 'ɦ o', [0], [6, 9], 3, 14.5, 2, 4.833333333333333, 1, 1

'∅', 'h', [0], [6], 1, 7.25, 1, 7.25, 1, 1

'h a', 'o', [6, 9], [9], 3, 8.0, 2, 2.6666666666666665, 2, 1

'∅', 'i', [0], [8], 1, 7.25, 1, 7.25, 1, 2

'i b', 'e v', [8, 2], [9, 4], 2, 0.8125, 2, 0.2708333333333333, 2, 1

'i j a', '∅', [8, 7, 9], [0], 5, 21.75, 3, 4.35, 3, 1

'i n j', 'e l', [8, 5, 7], [9, 6], 4, 8.5, 3, 1.7, 3, 1

'i', 'ə k v a v', [8], [9, 1, 4, 9, 4], 9, 29.5, 5, 3.2777777777777777, 1, 1

'i', 'e', [8], [9], 1, 0.25, 1, 0.25, 1, 1

'i', 'ə', [8], [9], 1, 0.625, 1, 0.625, 1, 1

'∅', 'j', [0], [7], 1, 7.25, 1, 7.25, 1, 4

'j aː', 'ɐ', [7, 9, 9], [9], 4, 8.0, 2, 2.0, 2, 1

'j e', 'i ə', [7, 9], [8, 9], 2, 1.5625, 2, 0.5208333333333334, 2, 1

'j i b ə n', 'ɛ v', [7, 8, 2, 9, 5], [9, 4], 8, 22.6875, 5, 2.5208333333333335, 5, 1

'j', '∅', [7], [0], 1, 7.25, 1, 7.25, 1, 2

'j', 'd i', [7], [2, 8], 3, 8.4375, 2, 2.8125, 1, 1

'j', 'i', [7], [8], 1, 1.1875, 1, 1.1875, 1, 1

'∅', 'k', [0], [1], 1, 7.25, 1, 7.25, 1, 1

'k r', 'ŋ p', [1, 6], [5, 1], 2, 4.0625, 2, 1.3541666666666667, 2, 1

'k r', 'p ɾ', [1, 6], [1, 6], 2, 1.0, 2, 0.3333333333333333, 2, 1

'k r', 'p t', [1, 6], [1, 1], 2, 3.125, 2, 1.0416666666666667, 2, 1

'k', '∅', [1], [0], 1, 7.25, 1, 7.25, 1, 1

'k', 'p', [1], [1], 1, 1.0, 1, 1.0, 1, 1

'm a', 'n ə v', [5, 9], [5, 9, 4], 4, 8.4375, 3, 1.6875, 2, 1

'm b a', 'ŋ p ə', [5, 2, 9], [5, 1, 9], 3, 1.75, 3, 0.35, 3, 1

'm b ə j', 'ŋ ɡ o', [5, 2, 9, 7], [5, 2, 9], 5, 9.625, 4, 1.375, 4, 1

'm i', '∅', [5, 8], [0], 3, 14.5, 2, 4.833333333333333, 2, 1

'm i', 'ɾ n', [5, 8], [6, 5], 2, 5.3125, 2, 1.7708333333333333, 2, 1

'm m', 'ɾ', [5, 5], [6], 3, 9.0625, 2, 3.0208333333333335, 2, 1

'm n e', '∅', [5, 5, 9], [0], 5, 21.75, 3, 4.35, 3, 1

'm', '∅', [5], [0], 1, 7.25, 1, 7.25, 1, 1

'm', 'n', [5], [5], 1, 0.5625, 1, 0.5625, 1, 3

'm', 'o n e b', [5], [9, 5, 9, 2], 7, 22.3125, 4, 3.1875, 1, 1

'm', 'v', [5], [4], 1, 1.8125, 1, 1.8125, 1, 1

'∅', 'n d o', [0], [5, 2, 9], 5, 21.75, 3, 4.35, 1, 1

'∅', 'n', [0], [5], 1, 7.25, 1, 7.25, 1, 2

'n i', 'e', [5, 8], [9], 3, 7.5, 2, 2.5, 2, 1

'n', '∅', [5], [0], 1, 7.25, 1, 7.25, 1, 6

'n', 'l', [5], [6], 1, 1.0, 1, 1.0, 1, 1

'∅', 'ŋ d e', [0], [5, 2, 9], 5, 21.75, 3, 4.35, 1, 1

'ŋ ɡ', 'n d', [5, 2], [5, 2], 2, 2.125, 2, 0.7083333333333334, 2, 1

'ŋ j', 'n i', [5, 7], [5, 8], 2, 2.25, 2, 0.75, 2, 1

'o n ə z', '∅', [9, 5, 9, 4], [0], 7, 29.0, 4, 4.142857142857143, 4, 1

'∅', 'p', [0], [1], 1, 7.25, 1, 7.25, 1, 1

'q', 'k', [1], [1], 1, 0.25, 1, 0.25, 1, 1

'r a s', 'ɾ', [6, 9, 3], [6], 5, 14.5, 3, 2.9, 3, 1

'r b a b', 'l d u d', [6, 2, 9, 2], [6, 2, 8, 2], 4, 3.125, 4, 0.44642857142857145, 4, 1

'r i', 'e', [6, 8], [9], 3, 7.5, 2, 2.5, 2, 1

'r m i', 'ə o u', [6, 5, 8], [9, 9, 8], 3, 7.4375, 3, 1.4875, 3, 1

'∅', 's k e a', [0], [3, 1, 9, 9], 7, 29.0, 4, 4.142857142857143, 1, 1

'∅', 's o', [0], [3, 9], 3, 14.5, 2, 4.833333333333333, 1, 1

'∅', 's p', [0], [3, 1], 3, 14.5, 2, 4.833333333333333, 1, 1

'∅', 's t', [0], [3, 1], 3, 14.5, 2, 4.833333333333333, 1, 2

's a', 'z ɛ', [3, 9], [4, 9], 2, 0.5, 2, 0.16666666666666666, 2, 1

'ʃ u m', 's', [3, 8, 5], [3], 5, 14.875, 3, 2.975, 3, 1

'ʃ u', 's o e', [3, 8], [3, 9, 9], 4, 8.125, 3, 1.625, 2, 1

's', 't͡s', [3], [1], 2, 0.75, 1, 0.25, 1, 1

's', 'z', [3], [4], 1, 0.125, 1, 0.125, 1, 1

'∅', 't', [0], [1], 1, 7.25, 1, 7.25, 1, 1

't ə', '∅', [1, 9], [0], 3, 14.5, 2, 4.833333333333333, 2, 1

't u', 'k o', [1, 8], [1, 9], 2, 1.5625, 2, 0.5208333333333334, 2, 1

't', 'd', [1], [2], 1, 0.125, 1, 0.125, 1, 1

't', 't s', [1], [1, 3], 2, 7.25, 1, 2.4166666666666665, 1, 1

'∅', 'u n ə', [0], [8, 5, 9], 5, 21.75, 3, 4.35, 1, 1

'u k r', 'ə t ɾ', [8, 1, 6], [9, 1, 6], 3, 1.9375, 3, 0.3875, 3, 1

'u m i', 'e v ə', [8, 5, 8], [9, 4, 9], 3, 3.4375, 3, 0.6875, 3, 1

'u m', 'n', [8, 5], [5], 3, 7.8125, 2, 2.6041666666666665, 2, 1

'u n', '∅', [8, 5], [0], 3, 14.5, 2, 4.833333333333333, 2, 1

'u r', 's p i', [8, 6], [3, 1, 8], 4, 14.5625, 3, 2.9125, 2, 1

'u s a w', 'z e ɡ', [8, 3, 9, 7], [4, 9, 2], 5, 10.625, 4, 1.5178571428571428, 4, 1

'u w e', 'm', [8, 7, 9], [5], 5, 17.25, 3, 3.45, 3, 1

'u w', 'i b', [8, 7], [8, 2], 2, 4.25, 2, 1.4166666666666667, 2, 1

'u w', 'o d', [8, 7], [9, 2], 2, 4.5625, 2, 1.5208333333333333, 2, 1

'u', '∅', [8], [0], 1, 7.25, 1, 7.25, 1, 3

'u', 'ə', [8], [9], 1, 0.875, 1, 0.875, 1, 5

'u', 'f i', [8], [3, 8], 3, 8.0, 2, 2.6666666666666665, 1, 1

'u', 'i ɦ', [8], [8, 6], 3, 8.0, 2, 2.6666666666666665, 1, 1

'u', 'i', [8], [8], 1, 0.75, 1, 0.75, 1, 1

'u', 'o', [8], [9], 1, 0.5, 1, 0.5, 1, 2

'u', 'w ɔ', [8], [7, 9], 3, 7.875, 2, 2.625, 1, 1

'u', 'w o', [8], [7, 9], 3, 7.75, 2, 2.5833333333333335, 1, 1

'∅', 'v', [0], [4], 1, 7.25, 1, 7.25, 1, 1

'∅', 'w l o', [0], [7, 6, 9], 5, 21.75, 3, 4.35, 1, 1

'∅', 'w', [0], [7], 1, 7.25, 1, 7.25, 1, 2

'w a', 'o d e d', [7, 9], [9, 2, 9, 2], 6, 16.4375, 4, 2.3482142857142856, 2, 1

'w ɔ', 'o', [7, 9], [9], 3, 7.375, 2, 2.4583333333333335, 2, 1

'w e', 'o j l ə', [7, 9], [9, 7, 6, 9], 6, 15.625, 4, 2.232142857142857, 2, 1

'w u', '∅', [7, 8], [0], 3, 14.5, 2, 4.833333333333333, 2, 1

'x ə ŋ ə', 'v e l i', [3, 9, 5, 9], [4, 9, 6, 8], 4, 4.25, 4, 0.6071428571428571, 4, 1

'y a', '∅', [8, 9], [0], 3, 14.5, 2, 4.833333333333333, 2, 1

'y', '∅', [8], [0], 1, 7.25, 1, 7.25, 1, 1

'∅', 'z', [0], [4], 1, 7.25, 1, 7.25, 1, 1

'z e', 't͡s o', [4, 9], [1, 9], 4, 1.375, 2, 0.275, 2, 1

'z', 't͡s', [4], [1], 3, 0.875, 1, 0.2916666666666667, 1, 1

